20 35
6 2
110
1 12 1
1 24 8
1 26 1
1 28 3
1 30 6
1 32 4
1 34 8
2 12 8
2 24 10
2 25 3
2 27 8
2 29 7
2 31 7
2 33 3
2 35 8
3 12 1
3 24 3
3 26 3
3 28 3
3 30 6
3 32 1
3 34 2
4 12 1
4 24 8
4 25 8
4 27 8
4 29 6
4 31 2
4 33 10
4 35 7
5 12 1
5 24 2
5 26 5
5 28 1
5 30 4
5 32 7
5 34 2
6 12 4
6 24 7
6 25 4
6 27 10
6 29 1
6 31 6
6 33 5
6 35 7
7 12 8
7 24 7
7 26 9
7 28 7
7 30 -1
7 32 7
7 34 9
8 12 3
8 24 6
8 25 1
8 27 2
8 29 4
8 31 8
8 33 2
8 35 1
9 12 3
9 24 1
9 26 2
9 28 5
9 30 4
9 32 3
9 34 4
10 12 4
10 24 10
10 25 4
10 27 4
10 29 3
10 31 7
10 33 2
10 35 2
11 1 7
11 2 4
11 3 8
11 4 1
11 5 3
11 6 1
11 7 10
11 8 4
11 9 9
11 10 2
11 11 2
11 12 8
11 13 3
11 14 9
11 15 5
11 16 9
11 17 3
11 18 6
11 19 2
11 20 8
11 21 2
11 22 6
11 23 2
11 24 7
11 25 8
11 26 7
11 27 3
11 28 6
11 29 10
11 30 8
11 31 1
11 32 6
11 33 3
11 34 8
11 35 8
